|M110|00 40 24.0|+41 41 00|
|M31 |00 42 42.0|+41 16 00|
|M32 |00 42 42.0|+40 52 00|
|M103|01 33 12.0|+60 42 00|
|M33 |01 33 54.0|+30 39 00|
|M74 |01 36 42.0|+15 47 00|
|M76 |01 42 24.0|+51 34 00|
|M34 |02 42 00.0|+42 47 00|
|M77 |02 42 42.0|-00 01 00|
|M45 |03 47 00.0|+24 07 00|
|M79 |05 24 30.0|-24 33 00|
|M38 |05 28 42.0|+35 50 00|
|M1  |05 34 30.0|+22 01 00|
|M42 |05 35 24.0|-05 27 00|
|M43 |05 35 36.0|-05 16 00|
|M36 |05 36 06.0|+34 08 00|
|M78 |05 46 42.0|+00 03 00|
|M37 |05 52 24.0|+32 33 00|
|M35 |06 08 54.0|+24 20 00|
|M41 |06 47 00.0|-20 44 00|
|M50 |07 03 12.0|-08 20 00|
|M47 |07 36 36.0|-14 30 00|
|M46 |07 41 48.0|-14 49 00|
|M93 |07 44 36.0|-23 52 00|
|M48 |08 13 48.0|-05 48 00|
|M44 |08 40 06.0|+19 59 00|
|M67 |08 50 24.0|+11 49 00|
|M81 |09 55 35.9|+69 04 00|
|M82 |09 55 47.9|+69 41 00|
|M95 |10 44 00.0|+11 42 00|
|M96 |10 46 48.0|+11 49 00|
|M105|10 47 48.0|+12 35 00|
|M108|11 11 30.0|+55 40 00|
|M97 |11 14 48.0|+55 01 00|
|M65 |11 18 54.0|+13 05 00|
|M66 |11 20 12.0|+12 59 00|
|M109|11 57 36.0|+53 23 00|
|M98 |12 13 48.0|+14 54 00|
|M99 |12 18 48.0|+14 25 00|
|M106|12 19 00.0|+47 18 00|
|M61 |12 21 54.0|+04 28 00|
|M40 |12 22 24.0|+58 05 00|
|M100|12 22 54.0|+15 49 00|
|M84 |12 25 06.0|+12 53 00|
|M85 |12 25 24.0|+18 11 00|
|M86 |12 26 12.0|+12 57 00|
|M49 |12 29 48.0|+08 00 00|
|M87 |12 30 48.0|+12 24 00|
|M88 |12 32 00.0|+14 25 00|
|M91 |12 35 24.0|+14 30 00|
|M89 |12 35 42.0|+12 33 00|
|M90 |12 36 48.0|+13 10 00|
|M58 |12 37 42.0|+11 49 00|
|M68 |12 39 30.0|-26 45 00|
|M104|12 40 00.0|-11 37 00|
|M59 |12 42 00.0|+11 39 00|
|M60 |12 43 42.0|+11 33 00|
|M94 |12 50 54.0|+41 07 00|
|M64 |12 56 42.0|+21 41 00|
|M53 |13 12 54.0|+18 10 00|
|M63 |13 15 48.0|+42 02 00|
|M51 |13 29 54.0|+47 12 00|
|M83 |13 37 00.0|-29 52 00|
|M3  |13 42 12.0|+28 23 00|
|M101|14 03 12.0|+54 21 00|
|M5  |15 18 36.0|+02 05 00|
|M80 |16 17 00.0|-22 59 00|
|M4  |16 23 36.0|-26 32 00|
|M107|16 32 30.0|-13 03 00|
|M13 |16 41 42.0|+36 28 00|
|M12 |16 47 12.0|-01 57 00|
|M10 |16 57 06.0|-04 06 00|
|M62 |17 01 12.0|-30 07 00|
|M19 |17 02 36.0|-26 16 00|
|M92 |17 17 06.0|+43 08 00|
|M9  |17 19 12.0|-18 31 00|
|M14 |17 37 36.0|-03 15 00|
|M6  |17 40 06.0|-32 13 00|
|M7  |17 53 54.0|-34 49 00|
|M23 |17 56 48.0|-19 01 00|
|M20 |18 02 36.0|-23 02 00|
|M8  |18 03 48.0|-24 23 00|
|M21 |18 04 36.0|-22 30 00|
|M24 |18 16 54.0|-18 29 00|
|M16 |18 18 48.0|-13 47 00|
|M18 |18 19 54.0|-17 08 00|
|M17 |18 20 48.0|-16 11 00|
|M28 |18 24 30.0|-24 52 00|
|M69 |18 31 24.0|-32 21 00|
|M25 |18 31 36.0|-19 15 00|
|M22 |18 36 24.0|-23 54 00|
|M70 |18 43 12.0|-32 18 00|
|M26 |18 45 12.0|-09 24 00|
|M11 |18 51 06.0|-06 16 00|
|M57 |18 53 36.0|+33 02 00|
|M54 |18 55 06.0|-30 29 00|
|M56 |19 16 36.0|+30 11 00|
|M55 |19 40 00.0|-30 58 00|
|M71 |19 53 48.0|+18 47 00|
|M27 |19 59 36.0|+22 43 00|
|M75 |20 06 06.0|-21 55 00|
|M29 |20 23 54.0|+38 32 00|
|M72 |20 53 30.0|-12 32 00|
|M73 |20 58 54.0|-12 38 00|
|M15 |21 30 00.0|+12 10 00|
|M39 |21 32 12.0|+48 26 00|
|M2  |21 33 30.0|-00 49 00|
|M30 |21 40 24.0|-23 11 00|
|M52 |23 24 12.0|+61 35 00|
